10 SP 6
20 OVR 60
30 PD 2, 350, -390, 208.11, 190.42, 155.30, 1650.85
40 PD 3, 350, -160, 208.11, 190.42, 155.30, 1650.85
50 PD 4, 540, -160, 208.11, 190.42, 155.30, 1650.85
60 PD 5, 540, -390, 208.11, 190.42, 155.30, 1650.85
70 PD 6, 495, -350, 208.11, 190.42, 155.30, 1650.85
80 PD 7, 445, -335, 208.11, 190.42, 155.30, 1650.85
90 PD 8, 395, -320, 208.11, 190.42, 155.30, 1650.85
50 PD 9, 445, -305, 208.11, 190.42, 155.30, 1650.85
110 PD 10, 495, -290, 208.11, 190.42, 155.30, 1650.85
120 PD 11, 495, -275, 208.11, 190.42, 155.30, 1650.85
130 PD 12, 445, -275, 208.11, 190.42, 155.30, 1650.85
140 PD 13, 415, -275, 208.11, 190.42, 155.30, 1650.85
150 PD 14, 495, -260, 208.11, 190.42, 155.30, 1650.85
160 PD 15, 445, -260, 208.11, 190.42, 155.30, 1650.85
170 PD 16, 335, -260, 208.11, 190.42, 155.30, 1650.85
180 PD 17, 420, -200, 208.11, 190.42, 155.30, 1650.85
190 PD 18, 495, -200, 208.11, 190.42, 155.30, 1650.85
200 MO 2
210 MC 2, 5
220 MO 2
230 DS 0, 0, 10
240 MO 6
250 MC 6, 10
260 DS 0, 0, 10
270 MO 9
280 MO 7
290 DS 0, 0, 10
300 MO 11
310 MO 12
320 DS 0, 0, 10
330 MO 13
340 DS 0, 0, 10
350 MO 14
360 MC 14, 16
370 MR 16, 17, 15
380 MO 18
390 DS 0, 0, 10
400 MO 2
410 RC 3
420 NX
435 RC 6
440 NX
500 RC 4
600 NX
700 ED